Count Vectors: 140
Count Walls: 140
Count Sectors: 3

Vectors
0) 60,31
1) 63,28
2) 59,28
3) 57,35
4) 52,35
5) 49,35
6) 45,36
7) 42,38
8) 39,42
9) 37,45
10) 36,48
11) 35,52
12) 35,56
13) 36,60
14) 38,63
15) 40,65
16) 44,67
17) 48,68
18) 54,70
19) 57,70
20) 62,71
21) 65,71
22) 70,69
23) 72,68
24) 74,66
25) 79,63
26) 80,59
27) 81,53
28) 82,50
29) 81,44
30) 79,40
31) 75,35
32) 73,34
33) 61,34
34) 146,36
35) 143,36
36) 139,35
37) 133,35
38) 130,35
39) 127,35
40) 122,35
41) 115,35
42) 109,35
43) 102,35
44) 98,37
45) 95,39
46) 91,45
47) 91,47
48) 91,51
49) 90,56
50) 90,63
51) 90,66
52) 90,70
53) 90,74
54) 92,78
55) 98,81
56) 104,82
57) 109,82
58) 114,83
59) 120,84
60) 126,84
61) 131,84
62) 139,82
63) 141,80
64) 144,75
65) 143,69
66) 141,68
67) 136,70
68) 135,74
69) 131,77
70) 127,77
71) 118,76
72) 114,75
73) 110,72
74) 107,69
75) 106,63
76) 106,59
77) 106,56
78) 106,55
79) 109,55
80) 109,56
81) 109,58
82) 109,62
83) 110,65
84) 111,67
85) 114,69
86) 117,71
87) 121,72
88) 124,71
89) 125,69
90) 124,66
91) 121,64
92) 118,60
93) 112,56
94) 113,54
95) 114,52
96) 118,53
97) 121,57
98) 123,59
99) 125,62
100) 126,65
101) 130,66
102) 133,64
103) 134,60
104) 132,57
105) 131,57
106) 127,55
107) 124,53
108) 121,51
109) 122,49
110) 126,50
111) 132,50
112) 134,53
113) 135,57
114) 138,60
115) 139,62
116) 142,62
117) 147,58
118) 147,55
119) 145,52
120) 142,50
121) 136,48
122) 132,47
123) 124,46
124) 116,47
125) 113,47
126) 110,47
127) 106,49
128) 102,52
129) 100,49
130) 99,44
131) 102,43
132) 107,42
133) 128,41
134) 133,41
135) 137,42
136) 138,42
137) 142,43
138) 145,42
139) 146,39

Walls
0) 0-2 filled 0
1) 1-0 filled 0
2) 2-1 filled 0
3) 4-3 filled 0
4) 5-4 filled 0
5) 6-5 filled 0
6) 7-6 filled 0
7) 8-7 filled 0
8) 9-8 filled 0
9) 10-9 filled 0
10) 11-10 filled 0
11) 12-11 filled 0
12) 13-12 filled 0
13) 14-13 filled 0
14) 15-14 filled 0
15) 16-15 filled 0
16) 17-16 filled 0
17) 18-17 filled 0
18) 19-18 filled 0
19) 20-19 filled 0
20) 21-20 filled 0
21) 22-21 filled 0
22) 23-22 filled 0
23) 24-23 filled 0
24) 25-24 filled 0
25) 26-25 filled 0
26) 27-26 filled 0
27) 28-27 filled 0
28) 29-28 filled 0
29) 30-29 filled 0
30) 31-30 filled 0
31) 32-31 filled 0
32) 33-32 filled 0
33) 3-33 filled 0
34) 35-34 filled 0
35) 36-35 filled 0
36) 37-36 filled 0
37) 38-37 filled 0
38) 39-38 filled 0
39) 40-39 filled 0
40) 41-40 filled 0
41) 42-41 filled 0
42) 43-42 filled 0
43) 44-43 filled 0
44) 45-44 filled 0
45) 46-45 filled 0
46) 47-46 filled 0
47) 48-47 filled 0
48) 49-48 filled 0
49) 50-49 filled 0
50) 51-50 filled 0
51) 52-51 filled 0
52) 53-52 filled 0
53) 54-53 filled 0
54) 55-54 filled 0
55) 56-55 filled 0
56) 57-56 filled 0
57) 58-57 filled 0
58) 59-58 filled 0
59) 60-59 filled 0
60) 61-60 filled 0
61) 62-61 filled 0
62) 63-62 filled 0
63) 64-63 filled 0
64) 65-64 filled 0
65) 66-65 filled 0
66) 67-66 filled 0
67) 68-67 filled 0
68) 69-68 filled 0
69) 70-69 filled 0
70) 71-70 filled 0
71) 72-71 filled 0
72) 73-72 filled 0
73) 74-73 filled 0
74) 75-74 filled 0
75) 76-75 filled 0
76) 77-76 filled 0
77) 78-77 filled 0
78) 79-78 filled 0
79) 80-79 filled 0
80) 81-80 filled 0
81) 82-81 filled 0
82) 83-82 filled 0
83) 84-83 filled 0
84) 85-84 filled 0
85) 86-85 filled 0
86) 87-86 filled 0
87) 88-87 filled 0
88) 89-88 filled 0
89) 90-89 filled 0
90) 91-90 filled 0
91) 92-91 filled 0
92) 93-92 filled 0
93) 94-93 filled 0
94) 95-94 filled 0
95) 96-95 filled 0
96) 97-96 filled 0
97) 98-97 filled 0
98) 99-98 filled 0
99) 100-99 filled 0
100) 101-100 filled 0
101) 102-101 filled 0
102) 103-102 filled 0
103) 104-103 filled 0
104) 105-104 filled 0
105) 106-105 filled 0
106) 107-106 filled 0
107) 108-107 filled 0
108) 109-108 filled 0
109) 110-109 filled 0
110) 111-110 filled 0
111) 112-111 filled 0
112) 113-112 filled 0
113) 114-113 filled 0
114) 115-114 filled 0
115) 116-115 filled 0
116) 117-116 filled 0
117) 118-117 filled 0
118) 119-118 filled 0
119) 120-119 filled 0
120) 121-120 filled 0
121) 122-121 filled 0
122) 123-122 filled 0
123) 124-123 filled 0
124) 125-124 filled 0
125) 126-125 filled 0
126) 127-126 filled 0
127) 128-127 filled 0
128) 129-128 filled 0
129) 130-129 filled 0
130) 131-130 filled 0
131) 132-131 filled 0
132) 133-132 filled 0
133) 134-133 filled 0
134) 135-134 filled 0
135) 136-135 filled 0
136) 137-136 filled 0
137) 138-137 filled 0
138) 139-138 filled 0
139) 34-139 filled 0

Sectors
0) floor(0 1) ceil(20 2) walls '2 1 0 ' items ''
1) floor(0 1) ceil(20 2) walls '33 32 31 30 29 28 27 26 25 24 23 22 21 20 19 18 17 16 15 14 13 12 11 10 9 8 7 6 5 4 3 ' items ''
2) floor(0 1) ceil(20 2) walls '139 138 137 136 135 134 133 132 131 130 129 128 127 126 125 124 123 122 121 120 119 118 117 116 115 114 113 112 111 110 109 108 107 106 105 104 103 102 101 100 99 98 97 96 95 94 93 92 91 90 89 88 87 86 85 84 83 82 81 80 79 78 77 76 75 74 73 72 71 70 69 68 67 66 65 64 63 62 61 60 59 58 57 56 55 54 53 52 51 50 49 48 47 46 45 44 43 42 41 40 39 38 37 36 35 34 ' items ''

Player
0) 119,37 (sector: 2) start
1) 16,13 (sector: -1) end

